41989292
41989294
41989296
41989297
41989298
41989299
41989300
41989301
41989302
41989304
41989305
41989311
41989314
41989319
41989320
41989324
41989333
41989346
41989367
41989369
41989479
41989496
41989528
41989530
41989550
41989551
41989557
41989569
41989570
41989581
41989582
41989670
41989682
41989683
41989713
41989714
41989716
41989722
41989729
41989746
41989747
41989752
41989759
41989761
41989778
41989794
41989823
41989825
41989826
41989827
41989839
41989846
41989856
41989887
41989896
41989922
41989967
41989970
41989972
41989982
41990197
41990198
41990201
41990202
41990203
41990204
41990207
41990209
41990215
41990255
41990256
41990269
41990271
41990272
41990446
41990449
41990450
41990456
41990457
41990459
41990465
41990470
41990472
41990474
41990476
41990581
41990584
41990586
41990592
41990633
41990638
41990640
41990641
41990708
41990737
41990779
41991314
41991321
41991334
41991345
41991346
41991373
41991382
41991392
41991495
41991497
41991535
41991536
41991597
41991619
41991621
41991642
41991669
41991698
41991731
41991734
41991736
41991767
41991789
41991978
41992053
41992054
41992068
41992071
41992072
41992144
41992148
41992177
41992188
41992238
41992329
41992348
41992379
41992527
41992537
41992547
41992559
41992686
41992758
41992772
41992842
41992847
41992900
41992936
41992940
41992965
41993022
41993049
41993050
41993118
41993172
41993180
41993237
41993286
41993314
41993317
41993332
41993421
41993634
41993672
41993731
41993741
41993787
41993840
41993866
41993873
41993885
41993967
41994014
41994029
41994032
41994038
41994040
41994064
41994108
41994114
41994155
41994253
41994256
41994274
41994343
41994398
41994415
41994495
41994521
41994576
41994618
41994623
41994659
41994668
41994701
41994742
41994749
41994750
41994757
41994768
41994828
41994849
41994863
41994914
41995022
41995092
41995136
41995146
41995171
41995257
41995288
41995354
41995513
41995514
41995550
41995579
41995595
41995623
41995658
41995667
41995706
41995777
41995783
41995876
41995948
41995993
41996003
41996026
41996027
41996028
41996072
41996073
41996088
41996203
41996230
41996413
41996493
41996494
41996539
41996571
41996577
41996590
41996591
41996627
41996648
41996789
41996863
41996948
41996955
41997088
41997107
41997109
41997131
41997133
41997138
41997139
41997140
41997141
41997159
41997208
41997364
41997418
41997457
41997482
41997485
41997604
41997678
41997687
41997693
41997696
41997712
41997714
41997813
41998042
41998053
41998054
41998073
41998077
41998088
41998214
41998277
41998280
41998281
41998287
41998291
41998292
41998293
41998295
41998388
41998412
41998413
41998493
41998753
41998777
41998793
41998800
41998806
41998829
41998863
41998868
41998870
41998977
41999010
41999011
41999015
41999017
41999021
41999025
41999027
41999124
41999129
41999203
41999204
41999225
41999319
41999345
41999357
41999359
41999382
41999384
41999540
41999545
41999546
41999547
41999548
41999549
41999552
41999558
41999573
42000022
42000029
42000104
42000106
42000116
42000216
42000218
42000224
42000226
42000234
42000246
42000320
42000329
42000368
42000378
42000401
42000418
42001361
42001367
42001378
42001380
42001414
42001417
42001422
42001433
42001478
42001480
42001492
42001534
42001566
42001641
42001711
42001745
42001746
42001784
42001800
42001801
42001827
42001873
42001893
42001894
42001945
42001984
42002045
42002131
42002150
42002174
42002193
42002197
42002237
42002249
42002357
42002373
42002408
42002410
42002418
42002428
42002430
42002439
42002494
42002498
42002555
42002639
42002679
42002707
42002713
42002749
42002759
42002883
42002897
42002958
42003042
42003043
42003047
42003048
42003058
42003081
42003085
42003098
42003112
42003154
42003175
42003202
42003225
42003338
42003339
42003342
42003353
42003395
42003410
42003482
42003486
42003487
42003514
42003525
42003538
42003542
42003548
42003560
42003604
42003626
42003648
42003712
42003714
42003777
42003793
42003795
42003817
42003840
42003842
42003874
42003880
42003898
42003942
42004020
42004030
42004163
42004179
42004292
42004327
42004333
42004435
42004501
42004506
42004520
42004651
42004728
42004754
42004755
42004774
42004829
42004892
42004903
42004947
42005026
42005038
42005126
42005233
42005276
42005438
42005499
42005717
42005817
42005824
42005825
42005878
42005880
42005935
42005963
42005973
42006017
42006039
42006043
42006090
42006168
42006206
42006242
42006295
42006324
42006331
42006334
42006550
42006660
42006665
42006769
42006771
42006777
42006803
42006820
42006831
42006853
42006951
42006959
42006964
42006995
42007008
42007054
42007146
42007218
42007253
42007336
42007357
42007363
42007364
42007372
42007385
42007410
42007480
42007502
42007607
42007653
42007738
42007757
42007790
42007923
42008008
42008010
42008052
42008059
42008074
42008098
42008142
42008271
42008363
42008497
42008534
42008589
42008611
42008725
42008726
42008741
42008742
42008756
42008759
42008832
42008871
42008872
42009003
42009061
42009196
42009227
42009267
42009277
42009287
42009294
42009301
42009302
42009305
42009313
42009314
42009316
42009364
42009365
42009379
42009387
42009403
42009420
42009455
42009619
42009644
42009683
42009689
42009695
42009696
42009740
42009763
42009809
42009847
42009867
42009893
42009976
42009984
42010003
42010007
42010008
42010012
42010014
42010029
42010060
42010076
42010080
42010096
42010273
42011076
42011092
42011111
42011159
42011170
42011179
42011198
42011208
42011214
42011215
42011227
42011229
42011233
42011335
42011503
42011505
42011515
42011518
42011589
42011786
42011801
42011919
42012170
42012171
42012214
42012222
42012223
42012224
42012261
42012519
42012611
42012691
42012762
42012811
42012868
42012917
42013024
42013186
42013221
42013258
42013283
42013385
42013505
42013509
42013524
42013570
42013628
42013648
42013664
42013797
42013805
42013840
42013842
42013897
42013945
42014017
42014101
42014107
42014109
42014163
42014418
42014429
42014574
42014575
42014742
42014783
42014797
42014816
42014856
42014897
42014920
42015032
42015072
42015083
42015131
42015172
42015262
42015295
42015373
42015431
42015473
42015489
42015556
42015564
42015574
42015583
42015617
42015645
42015646
42015658
42015729
42015808
42015824
42015844
42015845
42015927
42016138
42016229
42016345
42016346
42016371
42016394
42016442
42016457
42016610
42016705
42016827
42016839
42016840
42016879
42016947
42016972
42016984
42017106
42017173
42017318
42017387
42017417
42017469
42017560
42017562
42017609
42017640
42017754
42017757
42017876
42017903
42017929
42017979
42018128
42018153
42018187
42018188
42018206
42018208
42018290
42018464
42018520
42018551
42018569
42018585
42018594
42018650
42018652
42018665
42018708
42018714
42018718
42018927
42018996
42019005
42019008
42019080
42019138
42019198
42019199
42019253
42019296
42019324
42025203
42025224
42025225
42025258
42025284
42025336
42025419
42025428
42025499
42025538
42025599
42025655
42025867
42025948
42025964
42026020
42026068
42026076
42026078
42026121
42026291
42026385
42026425
42026535
42026576
42026634
42026646
42026661
42026688
42026692
42026728
42026838
42026842
42026845
42026848
42026949
42026973
42026981
42027025
42027026
42027131
42027132
42027161
42027163
42027241
42027242
42027296
42027515
42027552
42027622
42027681
42027756
42027810
42027848
42027897
42027898
42028099
42028169
42028175
42028232
42028243
42028282
42028300
42028304
42028521
42028529
42028572
42028654
42028695
42028722
42028728
42028729
42028760
42028807
42028846
42028848
42028850
42028886
42028907
42028923
42028924
42029092
42029121
42029171
42029192
42029346
42029384
42029598
42029618
42029619
42029683
42029863
42030153
42030176
42030196
42030215
42030244
42030255
42030267
42030345
42030360
42030463
42030504
42030519
42030537
42030608
42030651
42030706
42030723
42030738
42030740
42030825
42030890
42030911
42030923
42030956
42031078
42031096
42031329
42031379
42031416
42031454
42031471
42031477
42031491
42031498
42031542
42031579
42031581
42031647
42031683
42031823
42032008
42032034
42032067
42032133
42032149
42032152
42032160
42032217
42032228
42032384
42032481
42032519
42032562
42032607
42032678
42032701
42032760
42032793
42033015
42033034
42033066
42033163
42033208
42033222
42033225
42033244
42033245
42033259
42033260
42033275
42033276
42033326
42033980
42033981
42033996
42034040
42034057
42034066
42034116
42034132
42034138
42034157
42034175
42034176
42034183
42034184
42034220
42034239
42034243
42034253
42034263
42034270
42034309
42034319
42034320
42034334
42034343
42034344
42034390
42034422
42034425
42034475
42034507
42034545
42034557
42034566
42034590
42034604
42034606
42034609
42034636
42034738
42034741
42034789
42034791
42034792
42034833
42034855
42035117
42035130
42035134
42035284
42035296
42035333
42035342
42035345
42035520
42036007
42036530
42036547
42036557
42036613
42036662
42036676
42036739
42036744
42036767
42036777
42036780
42036784
42036790
42036822
42036825
42036889
42036896
42036901
42036938
42036940
42036950
42036951
42036967
42037020
42037074
42037148
42037149
42037165
42037247
42037249
42037251
42037253
42037254
42037257
42037322
42037323
42037325
42037337
42037339
42037340
42037341
42037342
42037343
42037344
42037366
42037389
42037391
42037437
42037439
42037447
42037448
42037451
42037689
42037691
42037693
42037694
42037695
42037696
42037698
42037781
42037783
42037786
42037788
42037795
42037978
42037983
42037984
42037992
42038001
42038012
42038017
42038140
42038142
42038287
42038441
42038469
42038939
42038941
42039134
42039146
42039148
42039160
42039164
42039172
42039173
42039175
42039178
42039179
42039182
42039183
42039187
42039205
42039213
42039227
42039228
42039326
42039327
42039345
42039379
42039393
42039410
42039453
42039566
42039585
42039662
42039666
42039743
42039918
42039962
42040059
42040064
42040151
42040211
42040229
42040272
42040327
42040417
42040418
42040427
42040529
42040535
42040562
42040572
42040592
42040670
42040767
42040770
42040824
42041001
42041007
42041008
42041021
42041047
42041049
42041091
42041122
42041319
42041389
42041496
42041524
42041612
42041614
42041727
42041747
42041793
42041887
42042066
42042108
42042117
42042121
42042130
42042131
42042133
42042136
42042178
42042210
42042395
42042488
42042497
42042565
42042615
42042657
42042800
42042850
42042908
42042929
42043070
42043178
42043254
42043329
42043337
42043557
42043613
42043616
42043661
42043739
42043764
42043771
42043801
42043838
42043842
42043873
42043896
42043980
42044018
42044023
42044086
42044151
42044181
42044298
42044304
42044335
42044338
42044340
42044349
42044397
42044511
42044513
42044515
42044554
42044557
42044585
42044591
42044903
42045034
42045078
42045089
42045115
42045143
42045212
42045326
42045463
42045464
42045499
42045563
42045628
42045629
42045646
42045678
42045683
42045700
42045723
42045740
42045765
42045766
42045784
42045854
42045855
42046075
42046113
42046119
42046201
42046262
42046292
42046315
42046403
42046513
42046550
42046581
42046669
42046718
42046820
42046831
42046836
42046842
42046866
42046871
42046933
42047010
42047278
42047337
42047347
42047350
42047373
42047374
42047386
42047388
42047597
42047662
42047795
42047831
42047834
42047916
42047920
42047941
42048268
42048273
42048679
42048681
42048684
42048685
42048688
42048690
42048691
42048711
42048712
42048718
42048776
42048854
42048883
42049141
42049311
42049313
42049351
42049361
42049374
42049450
42049461
42049510
42049514
42049837
42049845
42050001
42050122
42050125
42050130
42050242
42050246
42050425
42050469
42050502
42050526
42050533
42050541
42050595
42050845
42050955
42051099
42051142
42051146
42051147
42051243
42051265
42051290
42051346
42051597
42051623
42051636
42051695
42051789
42051804
42051805
42051893
42051899
42051990
42052029
42052155
42052274
42052308
42052310
42052321
42052419
42052480
42052499
42052542
42052566
42052595
42052686
42052754
42052765
42052769
42052790
42052795
42052812
42052878
42053034
42053049
42053051
42053052
42053053
42053094
42053101
42053202
42053277
42053297
42053369
42053479
42053480
42053486
42053547
42053565
42053567
42053607
42053644
42053645
42053735
42054068
42054090
42054132
42054238
42054283
42054370
42054383
42054454
42054466
42054471
42054523
42054550
42054575
42054621
42054796
42054851
42054972
42055096
42055285
42055322
42055534
42055622
42055645
42055646
42055703
42055925
42055939
42055941
42055942
42055943
42055944
42055945
42056095
42056245
42056290
42056423
42056442
42056450
42056657
42056708
42056852
42056853
42056858
42056930
42056935
42056961
42057071
42057112
42057118
42057150
42057209
42057382
42057433
42057450
42057468
42057475
42057476
42058049
42058087
42058147
42058149
42058158
42058165
42058167
42058170
42058234
42058293
42058369
42058375
42058378
42058555
42058574
42058595
42058598
42058601
42058732
42058848
42058867
42058877
42058967
42059314
42059367
42059529
42059766
42059779
42059818
42059833
42059914
42060009
42060018
42060059
42060130
42060152
42060165
42060172
42060304
42060384
42060385
42060388
42060397
42060464
42060504
42060552
42060562
42060586
42060638
42060709
42060719
42060803
42060851
42060970
42061250
42061281
42061346
42061469
42061606
42061673
42061702
42061708
42061737
42061741
42061788
42061907
42061939
42061984
42061992
42061993
42061994
42062001
42062021
42062058
42062733
42062896
42062899
42062910
42062916
42062963
42063470
42063471
42063591
42063593
42063595
42063598
42063600
42063601
42063602
42063603
42063607
42063609
42063756
42063792
42063860
42063933
42063938
42063946
42063947
42064227
42064231
42064315
42064327
42064386
42064433
42064475
42064481
42064482
42064487
42064492
42064702
42064766
42064868
42064884
42064986
42064988
42064991
42064992
42065609
42065641
42065644
42065645
42065655
42065688
42065902
42065924
42065975
42066192
42066213
42066244
42066245
42066246
42066269
42066276
42066444
42066486
42066664
42066827
42066828
42066834
42066835
42066837
42066838
42066949
42067128
42067285
42067329
42067331
42067335
42067336
42067359
42067691
42067737
42067799
42067805
42067809
42067811
42067813
42067816
42068089
42068250
42068309
42068452
42068516
42068559
42068604
42068643
42068690
42068720
42069094
42069136
42069144
42069146
42069224
42069249
42069252
42069332
42069347
42069511
42069568
42069576
42069657
42069663
42069665
42069671
42069676
42069795
42070156
42081230
42081237
42081313
42081315
42081384
42081428
42081591
42081612
42081636
42081677
42081690
42081749
42081772
42081797
42081818
42081827
42081937
42081974
42082093
42082155
42082183
42082205
42082207
42082216
42082224
42082246
42082295
42082338
42082425
42082434
42082449
42082492
42082499
42082512
42082529
42082602
42082605
42082614
42082627
42082642
42082660
42082747
42082833
42082860
42082883
42082919
42082927
42082937
42083020
42083037
42083133
42083153
42083187
42083216
42083252
42083261
42083337
42083358
42083372
42083379
42083397
42083406
42083417
42083455
42083497
42083544
42083562
42083578
42083604
42083671
42083823
42083834
42083860
42083867
42083898
42083916
42083980
42083981
42083999
42084036
42084058
42084082
42084115
42084188
42084322
42084327
42084389
42084695
42084722
42084729
42084740
42084751
42084766
42084791
42084792
42084910
42084918
42084969
42084983
42084992
42085010
42085037
42085053
42085070
42085071
42085083
42085233
42085312
42085367
42085374
42085482
42085544
42085556
42085590
42085697
42085775
42085792
42085805
42085847
42085910
42085944
42085962
42085998
42086097
42086106
42086127
42086153
42086179
42086193
42086206
42086209
42086224
42086235
42086320
42086326
42086331
42086581
42086620
42086651
42086654
42086655
42086656
42086699
42086706
42086737
42086773
42086822
42086851
42086905
42086995
42087009
42087021
42087039
42087077
42087102
42087120
42087153
42087181
42087202
42087256
42087265
42087333
42087378
42087382
42087389
42087439
42087440
42087504
42087508
42087515
42087587
42087634
42087749
42087780
42087817
42087866
42087902
42087909
42087922
42087926
42087979
42088032
42088041
42088112
42088126
42088147
42088201
42088235
42088339
42088403
42088407
42088482
42088486
42088510
42088519
42088607
42088608
42088623
42088635
42088705
42088709
42088810
42089041
42089052
42089114
42089187
42089200
42089215
42089259
42089307
42089348
42089364
42089454
42089456
42089579
42089600
42089727
42089756
42089846
42089916
42089972
42089979
42090092
42090127
42090363
42090536
42090567
42090597
42090695
42090731
42090735
42090766
42090895
42090905
42090928
42090994
42091025
42091086
42091157
42091165
42091223
42091251
42091291
42091372
42091427
42091432
42091566
42091567
42091622
42091716
42091742
42091751
42091765
42091766
42091800
42091882
42091891
42091898
42091907
42092024
42092154
42092167
42092168
42092185
42092214
42092227
42092386
42092442
42092568
42092649
42092697
42092711
42092774
42092826
42092993
42093028
42093048
42093108
42093111
42093220
42093250
42093274
42093288
42093295
42093311
42093321
42093371
42093404
42093575
42093668
42093675
42093713
42093718
42093751
42093834
42093835
42093845
42093895
42093993
42093998
42094013
42094025
42094028
42094036
42094054
42094072
42094095
42094114
42094140
42094160
42094171
42094198
42094220
42094259
42094274
42094286
42094330
42094346
42094378
42094387
42094394
42094434
42094455
42094483
42094493
42094494
42094495
42094499
42094502
42094522
42094569
42094604
42094633
42094677
42094688
42094706
42094715
42094732
42094745
42094748
42094750
42094858
42094901
42094926
42094998
42095002
42095036
42095044
42095059
42095090
42095107
42095132
42095146
42095165
42095281
42095287
42095297
42095307
42095308
42095384
42095392
42095442
42095455
42095507
42095510
42095538
42095545
42095581
42095588
42095597
42095630
42095673
42095707
42095722
42095755
42095760
42095782
42095791
42095805
42095828
42095858
42095879
42095916
42095924
42095928
42096016
42096027
42096077
42096090
42096105
42096115
42096117
42096132
42096163
42096179
42096187
42096201
42096242
42096310
42096334
42096371
42096391
42096392
42096400
42096449
42096521
42096545
42096559
42096612
42096683
42096693
42096713
42096750
42096781
42096812
42096898
42096903
42097021
42097022
42097035
42097049
42097116
42097149
42097188
42097259
42097273
42097316
42097332
42097504
42097507
42097539
42097588
42097614
42097628
42097641
42097656
42097666
42097676
42097789
42097885
42097891
42097902
42097915
42097944
42098008
42098023
42098053
42098060
42098218
42098245
42098326
42098335
42098342
42098351
42098391
42098398
42098450
42098458
42098483
42098486
42098537
42098548
42098558
42098570
42098617
42098665
42098681
42098699
42098752
42098830
42098847
42098869
42098919
42098934
42098970
42099214
42099222
42099349
42099372
42099393
42099468
42099478
42099533
42099567
42099604
42099616
42099654
42099688
42099793
42099803
42099817
42099839
42099867
42100085
42100132
42100144
42100173
42100206
42100227
42100258
42100285
42100413
42100415
42100445
42100505
42100538
42100553
42100559
42100670
42100707
42100716
42100794
42100835
42101008
42101018
42101041
42101108
42101170
42101183
42101239
42101355
42101358
42101367
42101448
42101541
42101543
42101565
42101633
42101999
42102078
42102085
42102110
42102149
42102268
42102281
42102347
42102515
42102560
42102636
42102680
42102764
42102863
42102916
42102960
42103049
42103270
42103307
42103313
42103562
42103568
42103609
42103675
42103769
42103796
42103921
42103939
42103944
42103949
42103981
42103990
42104089
42104228
42104254
42104302
42104303
42104304
42104331
42104350
42104366
42104385
42104420
42104483
42104652
42104747
42104854
42104938
42104941
42105066
42105162
42105223
42105264
42105279
42105317
42105349
42105356
42105383
42105434
42105466
42105489
42105585
42105645
42105686
42105725
42105801
42105924
42106003
42106026
42106069
42106233
42106252
42106440
42106474
42106502
42106512
42106595
42106750
42106952
42106956
42107107
42107124
42107125
42107137
42107591
42107596
42107599
42107600
42107601
42107605
42107606
42107607
42107611
42107832
42107835
42107845
42107950
42107952
42107976
42107978
42107990
42108035
42108748
42108754
42109282
42109284
42109286
42109291
42109292
42109308
42109422
42109503
42109526
42109527
42109528
42109928
42109936
42109939
42110132
42110147
42110199
42110217
42110361
42110412
42110679
42110697
42110707
42110732
42110734
42110758
42110760
42110812
42111164
42111173
42111338
42111369
42111444
42111473
42111487
42111800
42111819
42112068
42112134
42112163
42112368
42112370
42112372
42112598
42112615
42112649
42112829
42112860
42112866
42112874
42112875
42112879
42112885
42112886
42112894
42112897
42113055
42113100
42113166
42113247
42113366
42113373
42113374
42113375
42113602
42113746
42113820
42113823
42113824
42114077
42114080
42114109
42114276
42114297
42114399
42114579
42114627
42114643
42114805
42114806
42114811
42114813
42114815
42114816
42114817
42114818
42114823
42114825
42115269
42115347
42115348
42115352
42115353
42115357
42115363
42115513
42115574
42115600
42115603
42115609
42115612
42115836
42115854
42115978
42116065
42116066
42116068
42116070
42116072
42116075
42116076
42116081
42116082
42116162
42116303
42116391
42116402
42116579
42116588
42116601
42116613
42116617
42116975
42116987
42117014
42117052
42117055
42117070
42117093
42117295
42117402
42117410
42117411
42117414
42117467
42117475
42118363
42118364
42118757
42118759
42118764
42118778
42118905
42118910
42118911
42118912
42119097
42119181
42119233
42119330
42119337
42119340
42119355
42119449
42119725
42119739
42119758
42119760
42119804
42119892
42119894
42119973
42119979
42120143
42120192
42120229
42120230
42120255
42120257
42120267
42120268
42120269
42120313
42120314
42120325
42120331
42120380
42120383
42120396
42120397
42120405
42120431
42120502
42120759
42120801
42120973
42121027
42121092
42121112
42121176
42121179
42121206
42121249
42121275
42121584
42121589
42121591
42121766
42121767
42121768
42121771
42121775
42121777
42121979
42122239
42122256
42122257
42122272
42122286
42122293
42122295
42122395
42122503
42122509
42122525
42122753
42122754
42122759
42122781
42122961
42123051
42123205
42123206
42123211
42123216
42123220
42123242
42123469
42123474
42123484
42123493
42123543
42123578
42123596
42123611
42123663
42123666
42123667
42123670
42123676
42123727
42123739
42123829
42123830
42123982
42124079
42124133
42124137
42124139
42124140
42124142
42124146
42124148
42124236
42124525
42124664
42124665
42124669
42124988
42125174
42125183
42125184
42125199
42125395
42125397
42125398
42125399
42125403
42125411
42125724
42125748
42125925
42125929
42125930
42125932
42125935
42125937
42126241
42126356
42126373
42126550
42126553
42126554
42126557
42126622
42126623
42126627
42126641
42126674
42126695
42126701
42132313
42132429
42132454
42132674
42132699
42132781
42133191
42133194
42133196
42133200
42133330
42133382
42133385
42133389
42133391
42133393
42133395
42133396
42133409
42133414
42133479
42133540
42133617
42133754
42133757
42133758
42133759
42133782
42134015
42134049
42134098
42134162
42134185
42134197
42134205
42134243
42134274
42134283
42134381
42134418
42134433
42134443
42134520
42134606
42134632
42134640
42134660
42134753
42134868
42134881
42134884
42134962
42135071
42135139
42135202
42135301
42135393
42135414
42135469
42135478
42135545
42135552
42135571
42135573
42135580
42135599
42135600
42135619
42135654
42135660
42135734
42135755
42135986
42136020
42136101
42136113
42136160
42136314
42136316
42136454
42136463
42136479
42136504
42136505
42136545
42136556
42136560
42136596
42136633
42136643
42137006
42137007
42137021
42137022
42137025
42137032
42137053
42137064
42137103
42137351
42137363
42137370
42137378
42137382
42137393
42137505
42137507
42137508
42137511
42137514
42137515
42137518
42137530
42137693
42137806
42137846
42137863
42137866
42137942
42138010
42138012
42138013
42138015
42138019
42138025
42138030
42138031
42138032
42138121
42138138
42138340
42138346
42138362
42138365
42138369
42138375
42138448
42138449
42138527
42138531
42138537
42138548
42138569
42138570
42138576
42138883
42138915
42138918
42138920
42138923
42139155
42139164
42139173
42139453
42139643
42139704
42139751
42139793
42139803
42139804
42139863
42139887
42139893
42139895
42139898
42139908
42139953
42140349
42140386
42140406
42140413
42140424
42140656
42140779
42140780
42140789
42140846
42140848
42140850
42140864
42140990
42141019
42141025
42141026
42141028
42141030
42141031
42141034
42141035
42141037
42141038
42141066
42141075
42141084
42141119
42141623
42142015
42142028
42142422
42142465
42142474
42142552
42142592
42142668
42142689
42142726
42142751
42142753
42142755
42142758
42142762
42142769
42142779
42142786
42142840
42142842
42142882
42142884
42142897
42142942
42142953
42142955
42142956
42142966
42143009
42143041
42143065
42143088
42143112
42143214
42143236
42143250
42143263
42143268
42143269
42143292
42143347
42143376
42143591
42143612
42144413
42145131
42145261
42145315
42145326
42145333
42145341
42145436
42145437
42145530
42145531
42145532
42145533
42145536
42145611
42145612
42145614
42145615
42145620
42145681
42145684
42145686
42145688
42145763
42145764
42145766
42145781
42145789
42145848
42145849
42145850
42145853
42145854
42145856
42145925
42145932
42145937
42145938
42146111
42146117
42146126
42146142
42146150
42146155
42146176
42146182
42146183
42146364
42146526
42146532
42146533
42146536
42146537
42146541
42146585
42146640
42146647
42147414
42147417
42147507
42147508
42147509
42147510
42147511
42147513
42147517
42147520
42147522
42147523
42147525
42147526
42147533
42147940
42147941
42147950
42147952
42147957
42147961
42147964
42147970
42148113
42148114
42148118
42148126
42148129
42148133
42148425
42148466
42148473
42148479
42148481
42148482
42148499
42148501
42148589
42148738
42148814
42148828
42148918
42149074
42149131
42149215
42149261
42149301
42149448
42149467
42149505
42149516
42149525
42149537
42149539
42149542
42149561
42149688
42149731
42149848
42150025
42150044
42150104
42150126
42150225
42150229
42150518
42150520
42150538
42150723
42150724
42150730
42151250
42151254
42151263
42151267
42151270
42151273
42151283
42151287
42151312
42151660
42152179
42152215
42152241
42152244
42152254
42152793
42152797
42152801
42152812
42153125
42153268
42153271
42153277
42153282
42153295
42153555
42153572
42153889
42153890
42153892
42153910
42154205
42154470
42154486
42154494
42154495
42154998
42155015
42155111
42155183
42155186
42155187
42155202
42155319
42155326
42155540
42155548
42155550
42155570
42155718
42155749
42156175
42156193
42156215
42156368
42156404
42156405
42156476
42156538
42156547
42156551
42157062
42157067
42157088
42157093
42157106
42157107
42157397
42157611
42157791
42157816
42157820
42157825
42157828
42157831
42158116
42158129
42158130
42158317
42158506
42158509
42158513
42158516
42158522
42158618
42158633
42158703
42158789
42158799
42158945
42159027
42159032
42159035
42159038
42159119
42159139
42159159
42159313
42159366
42159565
42159578
42159830
42160100
42160101
42160273
42160274
42160282
42160287
42160290
42160329
42160378
42160961
42160971
42160973
42160976
42160980
42160989
42161131
42161249
42161260
42161500
42161515
42161560
42161571
42161573
42161583
42161717
42161731
42161739
42161802
42162086
42162094
42162098
42162105
42162132
42162225
42162537
42162546
42162580
42162581
42162583
42162596
42162598
42162771
42162863
42163040
42163046
42163054
42163060
42163061
42163149
42163198
42163325
42163437
42163489
42163490
42163495
42163503
42163579
42163783
42163814
42163890
42163919
42163951
42163954
42163961
42163963
42163969
42166086
42166095
42166096
42166097
42166106
42166261
42166281
42166287
42166547
42166557
42166669
42166675
42166782
42167217
42167545
42167582
42167584
42167585
42167586
42167589
42167594
42167602
42167614
42167799
42170016
42170046
42170058
42170091
42170092
42170095
42170111
42170113
42170114
42170115
42170116
42170117
42170137
42170243
42170424
42170441
42170533
42170534
42170558
42170598
42170607
42170615
42170958
42170977
42171130
42171131
42171136
42171141
42171146
42171341
42179316
42179387
42179400
42179426
42179439
42179531
42179538
42179550
42179720
42179727
42179770
42179844
42179861
42179943
42179950
42179953
42180008
42180018
42180023
42180042
42180080
42180128
42180132
42180182
42180185
42180268
42180277
42180294
42180338
42180365
42180366
42180440
42180444
42180448
42180496
42180512
42180610
42180656
42180961
42181031
42182503
42182505
42182512
42182514
42182564
42182573
42182578
42182583
42182584
42182585
42182589
42182620
42182661
42182666
42182675
42182774
42182776
42182792
42184201
42184206
42184225
42184229
42184238
42184240
42184241
42184242
42184244
42184249
42184327
42184333
42184349
42186005
42186237
42186240
42186242
42186243
42186244
42186245
42186248
42186251
42186254
42186255
42186364
42186412
42186609
42186678
42186737
42186763
42186768
42186771
42186773
42186933
42186957
42187047
42187130
42187241
42187243
42187253
42187254
42187255
42187257
42187262
42187264
42187265
42187426
42189706
42189739
42189778
42189898
42189924
42189927
42189928
42189931
42189934
42189935
42189936
42189937
42190042
42190140
42190157
42190197
42190384
42190489
42190490
42190498
42190501
42190505
42190634
42190708
42190727
42190763
42190853
42190898
42190951
42190952
42190954
42190955
42191044
42191052
42191057
42191066
42191170
42191215
42191255
42191368
42191396
42191518
42191617
42191728
42191734
42191735
42191736
42191737
42191739
42191747
42191749
42191757
42191758
42191949
42191953
42192008
42192011
42192245
42192249
42192401
42192535
42192569
42192577
42192594
42192693
42192725
42192734
42192746
42192756
42192767
42194653
42194672
42194676
42194701
42194704
42194715
42194716
42194741
42194750
42194758
42194765
42194795
42194848
42194883
42194912
42194922
42194926
42194929
42194931
42195366
42195387
42195496
42195539
42195687
42195751
42195759
42195764
42195766
42195782
42195808
42195826
42195827
42196031
42196067
42196108
42196143
42196146
42196153
42196157
42196188
42196217
42196437
42196504
42196588
42196715
42196879
42196880
42196900
42197163
42197171
42198571
42198691
42198698
42199012
42199063
42199139
42199149
42199582
42199584
42199589
42199590
42199593
42199594
42199613
42199614
42199619
42200013
42200077
42200081
42200092
42200093
42200098
42200116
42200120
42200122
42200123
42200126
42200127
42200162
42200226
42200593
42200602
42200605
42200609
42200816
42200851
42200863
42200986
42201152
42201167
42201201
42201395
42201424
42201449
42201476
42201478
42201484
42201498
42201527
42201704
42201830
42201843
42201853
42201861
42201887
42201888
42202097
42202329
42202519
42202522
42202525
42202526
42202536
42202711
42203009
42203084
42203088
42203093
42203104
42203106
42203107
42203128
42203161
42203373
42203411
42203639
42203643
42203644
42203646
42203647
42203654
42203664
42203729
42203790
42204087
42204140
42204157
42204391
42204429
42204539
42204612
42204618
42204863
42204864
42204882
42204884
42204933
42205061
42205093
42205096
42205097
42205100
42205521
42205652
42205685
42205693
42205888
42206085
42206140
42206151
42206161
42206302
42206307
42206308
42206309
42206312
42206313
42206363
42206531
42206536
42206619
42206645
42206800
42206814
42206820
42206823
42206835
42206901
42206951
42206986
42206998
42206999
42207004
42207478
42207484
42207488
42207492
42207505
42207506
42207507
42207642
42207670
42207924
42207926
42207927
42207930
42207931
42207935
42207998
42208006
42208012
42208016
42213619
42213638
42214520
42214526
42214535
42214558
42214656
42214679
42214707
42214712
42214802
42215237
42215239
42215240
42215422
42215426
42215501
42215605
42215683
42215805
42215808
42215821
42215850
42215997
42216057
42216145
42216159
42216213
42216225
42216241
42216259
42216263
42216321
42216728
42216806
42216850
42216852
42216854
42216860
42216861
42216865
42216866
42216892
42216972
42217134
42217394
42217396
42217400
42217401
42217405
42217407
42217408
42217411
42217520
42217687
42217792
42217939
42217957
42217958
42217962
42217968
42217984
42218034
42218093
42218400
42218402
42218477
42218488
42218495
42218974
42218987
42219433
42219616
42219621
42219624
42219775
42219798
42219803
42220167
42220177
42220214
42220296
42220379
42220382
42220384
42220389
42220390
42220392
42220394
42220396
42220739
42220762
42220799
42220878
42220931
42220983
42220984
42220989
42220990
42220991
42220992
42221002
42221134
42221361
42221477
42221617
42221720
42221721
42221722
42221726
42221729
42221735
42221739
42221745
42221840
42221928
42222161
42222168
42222209
42222212
42222216
42222222
42222365
42222472
42222884
42222885
42222894
42223342
42223745
42223751
42223752
42223757
42223822
42223824
42223828
42223868
42223882
42224150
42224151
42224161
42224234
42224251
42224261
42224361
42224363
42224407
42224450
42224453
42224455
42224457
42224461
42224463
42224470
42224473
42224605
42224639
42224675
42224684
42224690
42224694
42224696
42224697
42224798
42224811
42224817
42224826
42224827
42224907
42225016
42225075
42225079
42225121
42225132
42225189
42225361
42225362
42225501
42225511
42225652
42225666
42225676
42226100
42226102
42226105
42226897
42226991
42227004
42227017
42227025
42227055
42227083
42227144
42227171
42227186
42227276
42227279
42227290
42227390
42227396
42227431
42227438
42227446
42227448
42227449
42227450
42227514
42227515
42227518
42227519
42227520
42227524
42227525
42227526
42227527
42227528
42227530
42227531
42227542
42227577
42227601
42227603
42227605
42227606
42227611
42227612
42227614
42227617
42227618
42227621
42227622
42227821
42227825
42227831
42227832
42227847
42227906
42227915
42227919
42227930
42227931
42228183
42228270
42228277
42228278
42228329
42228477
42228583
42228660
42232847
42232865
42232912
42232914
42232917
42232919
42232921
42232925
42232928
42232951
42232957
42232974
42232992
42233000
42233006
42233182
42233232
42233236
42233239
42233254
42233259
42233282
42233479
42233517
42233518
42233777
42233845
42233887
42233897
42233932
42234267
42234283
42235018
42235020
42235093
42235119
42235179
42235188
42235632
42235659
42235857
42235930
42236013
42236034
42236037
42236039
42236060
42236076
42236347
42236589
42236628
42236631
42236677
42236908
42237081
42237142
42237249
42237522
42237524
42237559
42237560
42237575
42237583
42237620
42237639
42237753
42238065
42238067
42238069
42238166
42238175
42238406
42238429
42238534
42238556
42238557
42238575
42238770
42238777
42238924
42238990
42239109
42239140
42239232
42239243
42239244
42239298
42239308
42239311
42239336
42239351
42239444
42239547
42239548
42239558
42239564
42239568
42239602
42239606
42239651
42239698
42240065
42240145
42240215
42240256
42240260
42240306
42240397
42240398
42240408
42240456
42240508
42240517
42240547
42240573
42240574
42240604
42240629
42240654
42240655
42240674
42240745
42241059
42241096
42241156
42241190
42241241
42241258
42241268
42241273
42241279
42241376
42241432
42241433
42241465
42241481
42241490
42241502
42241547
42241577
42241580
42241608
42241617
42241724
42241743
42241773
42241797
42241812
42241874
42241905
42241970
42241979
42242002
42242037
42242179
42242348
42242385
42242390
42242424
42242475
42242479
42242520
42242554
42242562
42242583
42242584
42242593
42242651
42242690
42242946
42242947
42242963
42242986
42242991
42243163
42243176
42243270
42243465
42243471
42243526
42243552
42243553
42243577
42243669
42243802
42243901
42243964
42244009
42244015
42244114
42244205
42244331
42244341
42244398
42244606
42244632
42244639
42244659
42244675
42244777
42244854
42245026
42245104
42245112
42245115
42245118
42245185
42245254
42245516
42245593
42245614
42245615
42245636
42245979
42245988
42245989
42245999
42246055
42246091
42246175
42246179
42246183
42246184
42246187
42246188
42246191
42246204
42246315
42246701
42246707
42246709
42246910
42246913
42246914
42246923
42246929
42247135
42247439
42247455
42247469
42247514
42247515
42247518
42247522
42247523
42247527
42247537
42247545
42247683
42247720
42247905
42247906
42248097
42248098
42249020
42249032
42249184
42249332
42249333
42249334
42249345
42249347
42249348
42249349
42249732
42249770
42249851
42249875
42249954
42250034
42250100
42250114
42250226
42250227
42250275
42250340
42250350
42250358
42250404
42250431
42250437
42250439
42250449
42250464
42250465
42250580
42250662
42250671
42250782
42250784
42250809
42250841
42250892
42250894
42250900
42250908
42250910
42250912
42250920
42250968
42251019
42251313
42251355
42251496
42251498
42251504
42251515
42251518
42251533
42251568
42251570
42251575
42251589
42251609
42251758
42251783
42251784
42251986
42252070
42252078
42252143
42252197
42252407
42252435
42252544
42252545
42252551
42252552
42252639
42252647
42252648
42252683
42252700
42252715
42252784
42252853
42252881
42252887
42252917
42253038
42253039
42253045
42253099
42253114
42253116
42253133
42253167
42253173
42253182
42253244
42253644
42253658
42253662
42253765
42253897
42253901
42253923
42253941
42253985
42254050
42254090
42254096
42254112
42254114
42254395
42254448
42254479
42254483
42254491
42254659
42254667
42254670
42254671
42254678
42254837
42255043
42255069
42255074
42255222
42255230
42255233
42255237
42255240
42255354
42255356
42255529
42255734
42255749
42255833
42255914
42255916
42255920
42255921
42255926
42255930
42256028
42256046
42256200
42256219
42256250
42256255
42256276
42256277
42256278
42256282
42256359
42256373
42256382
42256430
42256437
42256439
42256446
42256447
42256495
42256525
42256539
42256560
42256672
42256957
42256970
42256971
42256980
42256992
42257259
42257327
42257329
42257332
42257334
42257335
42257338
42257339
42257341
42257350
42257427
42257483
42257629
42257631
42257634
42257648
42257731
42257758
42257762
42257769
42257788
42257796
42258220
42258223
42258274
42258323
42258414
42258444
42258445
42258457
42258781
42258786
42258818
42258896
42259004
42259012
42259014
42259023
42259461
42259547
42259774
42260093
42260096
42260097
42260109
42260111
42260242
42260508
42260516
42260600
42260602
42260620
42260629
42261112
42261113
42261116
42261120
42261130
42261213
42261505
42261592
42261594
42261607
42261971
42261991
42262050
42262111
42262121
42262123
42262139
42262141
42262227
42262914
42262915
42262921
42262922
42262931
42263032
42263262
42263356
42263368
42263421
42263594
42263603
42263606
42263746
42264042
42264053
42264141
42264150
42264157
42264223
42264280
42264461
42264583
42264609
42264745
42264826
42264849
42264853
42264855
42264861
42264881
42264900
42288994
42288997
42288999
42289000
42289002
42289077
42289080
42289145
42289186
42289256
42289287
42289292
42289362
42289469
42289495
42289523
42289557
42289589
42289591
42289627
42289660
42289667
42289668
42289670
42289681
42289685
42289763
42289819
42289828
42289834
42289850
42289888
42290011
42290043
42290078
42290104
42290251
42290268
42290402
42290473
42290625
42290658
42290663
42290706
42290721
42290844
42290878
42290941
42290995
42291028
42291154
42291261
42291343
42291345
42291360
42291368
42291404
42291660
42291738
42291825
42291874
42292140
42292152
42292174
42292230
42292292
42292306
42292340
42292402
42292409
42292462
42292465
42292474
42292523
42292575
42292581
42292610
42292708
42292717
42292719
42292741
42292825
42292857
42292860
42292861
42292910
42292982
42292984
42292993
42292998
42293034
42293055
42293091
42293184
42293203
42293204
42293223
42293285
42293293
42293378
42293397
42293494
42293554
42293559
42293564
42293596
42293630
42293651
42293702
42293704
42293764
42293830
42293901
42293908
42293951
42293958
42294054
42294065
42294128
42294171
42294183
42294236
42294292
42294296
42294303
42294319
42294337
42294345
42294402
42294454
42294535
42294569
42294613
42294618
42294646
42294658
42294676
42294728
42294740
42294839
42294968
42294970
42294975
42294989
42295021
42295037
42295049
42295051
42295105
42295137
42295156
42295165
42295222
42295239
42295240
42295269
42295291
42295296
42295322
42295340
42295400
42295427
42295430
42295454
42295508
42295519
42295607
42295626
42295627
42295655
42295657
42295721
42295785
42295812
42295858
42295866
42295881
42295899
42295924
42296012
42296042
42296044
42296061
42296122
42296157
42296160
42296162
42296169
42296395
42296399
42296402
42296495
42296501
42296506
42296585
42296634
42296775
42296791
42296812
42296833
42296835
42296842
42296979
42297008
42297012
42297059
42297157
42297167
42297176
42297195
42297262
42297350
42297369
42297379
42297389
42297396
42297418
42297477
42297496
42297544
42297548
42297586
42297610
42297620
42297709
42297729
42297759
42297764
42297776
42297864
42297920
42297929
42297994
42298030
42298100
42298118
42298161
42298204
42298257
42298466
42298497
42298502
42298508
42298573
42298652
42298653
42298700
42298839
42298874
42298884
42298927
42298928
42298942
42299002
42299046
42299053
42299062
42299083
42299129
42299200
42299201
42299204
42299215
42299236
42299245
42299291
42299301
42299322
42299329
42299343
42299427
42299429
42299505
42299514
42299654
42299688
42299714
42299737
42299740
42299766
42299829
42299906
42299933
42299964
42300012
42300061
42300096
42300116
42300228
42300231
42300263
42300347
42300500
42300544
42300598
42300610
42300640
42300643
42300724
42300728
42300750
42300813
42300818
42300956
42300980
42300993
42301122
42301194
42301243
42301272
42301346
42301393
42301431
42301437
42301446
42301577
42301612
42301677
42301678
42301727
42301761
42301770
42301778
42301799
42301838
42301860
42301874
42301879
42301965
42302026
42302036
42302039
42302163
42302177
42302252
42302300
42302345
42302393
42302420
42302443
42302453
42302507
42302512
42302515
42302621
42302644
42302664
42302684
42302766
42302854
42302879
42302880
42302884
42303005
42303013
42303024
42303120
42303132
42303164
42303179
42303184
42303220
42303270
42303386
42303457
42303459
42303545
42303661
42303725
42303747
42303788
42303809
42303922
42303935
42303949
42303969
42304028
42304307
42304430
42304463
42304571
42304656
42304680
42304686
42304691
42304705
42304862
42304890
42304962
42304981
42305022
42305029
42305058
42305075
42305078
42305117
42305145
42305215
42305321
42305463
42305653
42305719
42305725
42305733
42305782
42305807
42305925
42305956
42305977
42306068
42306113
42306116
42306133
42306202
42306293
42306307
42306372
42306385
42306560
42306564
42306601
42306684
42306768
42306831
42306881
42306925
42306942
42306964
42307032
42307034
42307078
42307183
42307248
42307251
42307293
42307319
42307327
42307381
42307429
42307466
42307697
42307725
42307773
42307797
42307811
42307864
42307913
42308024
42308139
42308140
42308152
42308195
42308208
42308222
42308236
42308341
42308618
42308752
42308892
42308967
42309082
42309185
42309368
42309418
42309470
42309524
42309543
42309559
42309577
42309638
42309830
42309861
42309875
42309906
42309936
42309941
42309998
42310003
42310063
42310123
42310290
42310325
42310421
42310489
42310515
42310529
42310557
42310657
42310694
42310709
42310752
42310789
42310796
42310803
42310810
42310900
42310902
42310936
42310939
42311170
42311185
42311233
42311272
42311276
42311314
42311337
42311426
42311484
42311500
42311539
42311626
42311637
42311664
42311734
42311824
42311861
42311899
42311902
42311924
42311943
42311977
42312136
42312239
42312253
42312381
42312390
42312417
42312475
42312519
42312551
42312577
42312642
42312664
42312710
42312770
42312874
42313096
42313144
42313173
42313393
42313588
42313589
42313664
42313673
42313702
42313712
42313777
42313795
42313954
42314017
42314030
42314041
42314043
42314087
42314101
42314104
42314175
42314189
42314237
42314304
42314384
42314405
42314440
42314469
42314527
42314640
42314773
42314815
42314835
42314858
42314940
42314981
42315131
42315298
42315391
42315497
42315539
42315606
42315608
42315616
42315749
42315874
42315883
42315889
42315892
42315917
42316054
42316113
42316251
42316301
42316340
42316438
42316463
42316579
42316608
42316621
42316641
42316742
42316783
42316793
42316881
42316919
42316984
42317002
42317040
42317062
42317305
42317473
42317530
42317585
42317636
42317677
42317718
42317719
42317922
42318269
42318364
42318423
42318459
42318470
42318490
42318533
42318564
42318778
42318802
42318930
42318949
42318966
42318980
42319001
42319011
42319016
42319028
42319064
42319169
42319217
42319358
42319400
42319418
42319799
42319809
42319941
42319950
42320094
42320095
42320169
42320310
42320322
42320382
42320411
42320504
42320594
42320621
42320639
42320674
42320693
42320726
42320801
42320842
42320990
42320996
42320999
42321094
42321108
42321159
42321291
42321469
42321513
42321565
42321652
42321653
42321671
42321726
42321742
42321746
42321747
42321827
42321839
42321947
42321970
42322059
42322087
42322281
42322354
42322501
42322632
42322638
42322735
42322911
42323142
42323164
42323314
42323475
42323487
42323531
42324223
42324276
42378944
42378950
42378983
42379103
42379169
42379179
42379205
42379291
42379301
42379397
42379435
42379461
42379530
42379540
42379552
42379591
42379611
42379621
42379662
42379801
42379907
42379935
42379975
42379986
42379995
42380085
42380108
42380113
42380244
42380249
42380288
42380291
42380300
42380390
42380398
42380413
42380568
42380606
42380701
42380707
42380788
42380907
42380920
42380934
42381012
42381062
42381067
42381082
42381185
42381259
42381290
42381352
42381391
42381473
42381542
42381584
42381586
42381599
42381683
42381705
42381780
42381859
42381975
42382129
42382138
42382189
42382250
42382277
42382320
42382437
42382456
42382487
42382490
42382511
42382568
42382590
42382702
42382725
42382738
42382755
42382760
42382795
42382817
42382929
42382932
42382965
42383081
42383118
42383221
42383231
42383255
42383268
42383272
42383296
42383320
42383342
42383349
42383393
42383435
42383470
42383547
42383559
42383566
42383568
42383703
42383712
42383776
42383832
42383885
42383918
42383919
42383942
42384076
42384092
42384307
42384315
42384430
42384436
42384547
42384614
42384626
42384641
42384696
42384722
42384744
42384757
42384866
42384945
42384946
42384947
42385046
42385111
42385112
42385119
42385210
42385356
42385396
42385478
42385482
42385512
42385588
42385596
42385602
42385622
42385638
42385648
42385716
42385969
42386042
42386061
42386122
42386211
42386298
42386347
42386364
42386375
42386572
42386605
42386651
42386656
42386739
42386763
42386902
42386937
42386983
42387043
42387044
42387167
42387459
42387478
42387539
42387649
42387701
42387715
42387754
42387780
42387802
42387817
42387818
42387837
42387854
42387909
42387953
42387954
42387964
42387974
42387987
42388011
42388023
42388031
42388073
42388085
42388104
42388146
42388152
42388176
42388206
42388213
42388233
42388247
42388262
42388310
42388360
42388373
42388404
42388423
42388434
42388483
42388504
42388550
42388615
42388673
42388676
42388700
42388727
42388761
42388774
42388791
42388863
42388883
42388887
42388898
42388911
42388914
42388945
42389152
42389214
42389296
42389323
42389362
42389364
42389372
42389374
42389380
42389418
42389426
42389466
42389514
42389583
42389597
42389605
42389635
42389644
42389699
42389814
42389828
42389856
42389862
42389880
42389928
42389940
42389983
42389999
42390084
42390102
42390106
42390121
42390164
42390258
42390268
42390290
42390329
42390476
42390514
42390515
42390534
42390753
42390809
42390866
42390867
42391004
42391044
42391095
42391096
42391251
42391266
42391334
42391339
42391429
42391444
42391455
42391551
42391554
42391574
42391612
42391631
42391701
42391784
42391862
42391910
42391996
42392047
42392109
42392216
42392226
42392291
42392336
42392337
42392351
42392359
42392377
42392408
42392417
42392486
42392488
42392529
42392585
42392599
42392600
42392680
42392808
42392863
42392903
42392915
42392925
42392935
42392938
42392939
42392984
42393047
42393051
42393053
42393113
42393120
42393207
42393210
42393227
42393235
42393291
42393328
42393336
42393345
42393349
42393384
42393387
42393397
42393411
42393428
42393460
42393476
42393500
42393502
42393606
42393647
42393688
42393692
42393802
42393803
42393822
42393840
42393845
42393881
42393886
42393898
42393906
42393935
42393994
42394003
42394117
42394122
42394177
42394193
42394239
42394266
42394293
42394345
42394351
42394396
42394401
42394406
42394428
42394476
42394494
42394503
42394517
42394565
42394591
42394595
42394600
42394617
42394636
42394659
42394680
42394713
42394716
42394734
42394766
42394792
42394815
42394817
42394846
42394847
42394848
42394858
42394868
42394979
42394981
42395072
42395109
42395132
42395210
42395260
42395261
42395319
42395357
42395388
42395395
42395417
42395434
42395476
42395522
42395535
42395689
42395693
42395741
42395832
42395875
42395907
42395923
42395926
42395940
42395954
42395968
42396005
42396037
42396133
42396169
42396186
42396188
42396209
42396220
42396272
42396355
42396475
42396646
42396687
42396723
42396725
42396736
42396739
42396742
42396783
42396790
42396865
42396872
42396903
42396921
42396948
42396962
42397001
42397012
42397043
42397232
42397234
42397379
42397386
42397410
42397442
42397497
42397519
42397520
42397573
42397697
42397712
42397724
42397753
42397759
42397774
42397785
42397798
42397850
42397908
42397952
42397958
42397959
42397997
42398201
42398227
42398239
42398261
42398283
42398441
42398571
42398575
42398592
42398595
42398643
42398669
42398752
42398758
42398856
42398874
42398965
42399377
42399433
42399493
42399512
42399568
42399609
42399704
42399743
42399796
42399922
42400205
42400219
42400228
42400253
42400288
42400307
42400414
42400445
42400452
42400472
42400611
42400722
42400810
42400872
42400927
42400995
42401022
42401096
42401133
42401165
42401195
42401355
42401418
42401467
42401592
42401707
42401749
42401752
42401768
42401789
42401792
42401908
42402000
42402032
42402184
42402277
42402285
42402296
42402388
42402585
42402605
42402638
42402657
42402695
42402696
42402892
42402898
42402911
42402930
42402943
42402995
42402996
42403000
42403013
42403016
42403030
42403162
42403196
42403256
42403286
42403391
42403488
42405164
42405194
42413167
42413245
42413317
42413332
42413338
42413371
42413377
42413546
42413547
42413591
42413618
42413628
42413640
42413675
42413692
42413718
42413725
42413808
42413885
42413935
42413992
42414010
42414034
42414069
42414159
42414161
42414169
42414314
42414364
42414397
42414398
42414414
42414487
42414535
42414597
42414610
42414737
42414781
42414876
42414925
42414947
42415032
42415157
42415195
42415203
42415205
42415227
42415240
42415257
42415262
42415274
42415331
42415520
42415526
42415603
42415624
42415727
42415734
42415810
42415836
42415876
42415879
42415963
42416009
42416221
42416244
42416394
42416398
42416460
42416541
42416704
42416717
42416773
42416814
42416823
42416876
42416885
42416888
42416896
42416939
42416945
42416948
42416977
42417004
42417056
42417111
42417132
42417201
42417271
42417273
42417275
42417283
42417316
42417323
42417376
42417443
42417462
42417659
42417685
42417765
42417771
42417791
42417803
42417834
42417929
42418091
42418206
42418210
42418266
42418328
42418342
42418395
42418401
42418524
42418683
42418701
42418746
42418805
42418831
42418892
42418893
42419005
42419085
42419095
42419209
42419264
42419277
42419360
42419534
42419578
42419623
42419737
42419741
42419758
42419786
42419888
42419902
42419968
42419982
42420002
42420085
42420103
42420353
42420405
42420412
42420455
42420476
42420525
42420718
42420923
42420969
42421122
42421219
42421371
42421468
42421597
42421611
42421617
42421665
42421710
42421744
42421770
42421883
42421911
42422062
42422069
42422131
42422135
42422156
42422170
42422215
42422229
42422255
42422262
42422284
42422288
42422320
42422321
42422322
42422328
42422330
42422340
42422393
42422429
42422458
42422469
42422471
42422561
42422576
42422649
42422779
42422873
42422970
42422988
42423137
42423207
42423289
42423335
42423399
42423756
42423767
42423772
42423894
42423957
42423965
42423976
42423991
42423998
42424000
42424007
42424035
42424143
42424158
42424169
42424187
42424224
42424275
42424319
42424336
42424345
42424348
42424442
42424486
42424508
42424510
42424736
42424755
42424839
42424890
42424956
42424968
42425031
42425044
42425092
42425094
42425122
42425153
42425252
42425261
42425288
42425296
42425341
42425343
42425370
42425454
42425467
42425469
42425554
42425585
42425621
42425651
42425701
42425759
42425791
42425835
42425838
42425873
42425896
42425934
42426003
42426006
42426166
42426211
42426305
42426316
42426357
42426384
42426536
42426551
42426582
42426613
42426623
42426664
42426668
42426711
42426719
42426736
42426805
42426827
42426907
42427096
42427153
42427239
42427257
42427260
42427266
42427302
42427402
42427466
42427495
42427542
42427570
42427575
42427635
42427652
42427708
42427745
42427754
42427761
42427794
42427847
42427880
42427894
42427972
42428002
42428064
42428073
42428081
42428085
42428142
42428163
42428187
42428205
42428225
42428301
42428303
42428449
42428615
42428624
42428673
42428697
42428848
42428852
42428858
42429030
42429068
42429070
42429087
42429094
42429106
42429132
42429159
42429167
42429275
42429319
42429326
42429340
42429392
42429393
42429424
42429448
42429704
42429725
42429779
42429833
42429848
42429874
42429909
42429963
42430125
42430135
42430137
42430143
42430253
42430269
42430307
42430311
42430346
42430395
42430528
42430611
42430618
42430637
42430866
42431245
42431269
42431372
42431422
42431465
42431492
42431567
42431648
42431687
42431705
42431787
42431807
42431811
42431970
42431987
42432022
42432030
42432031
42432051
42432055
42432097
42432106
42432165
42432202
42432239
42432254
42432290
42432296
42432355
42432461
42432491
42432499
42432547
42432554
42432577
42432598
42432617
42432624
42432681
42432725
42432739
42432828
42432853
42432862
42432867
42432888
42432919
42432947
42432955
42433045
42433091
42433111
42433145
42433314
42433323
42433387
42433388
42433389
42433410
42433472
42433499
42433508
42433553
42433560
42433579
42433644
42433778
42433781
42433819
42433874
42433899
42433908
42433937
42433977
42434038
42434042
42434087
42434089
42434095
42434126
42434251
42434316
42434380
42434394
42434450
42434456
42434475
42434586
42434603
42434650
42434736
42434738
42434794
42434799
42434864
42434876
42434877
42434909
42435118
42435237
42435238
42435264
42435300
42435313
42435396
42435442
42435444
42435458
42435590
42435641
42435707
42435712
42435820
42435848
42435884
42435891
42435950
42435977
42436059
42436151
42436182
42436248
42436259
42436303
42436322
42436369
42436413
42436443
42436457
42436466
42436529
42436587
42436629
42436660
42436697
42436796
42436909
42436930
42436956
42437067
42437102
42437122
42437133
42437163
42437164
42437208
42437209
42437248
42437263
42437264
42437283
42437353
42437402
42437422
42437468
42437502
42437511
42437581
42437681
42437682
42437715
42437773
42437778
42437795
42437817
42437843
42437901
42437917
42438052
42438081
42438108
42438122
42438168
42438173
42438191
42438241
42438243
42438335
42438469
42438538
42438588
42438598
42438625
42438627
42438808
42438818
42438829
42438908
42438986
42439055
42439057
42439109
42439218
42439224
42439263
42439319
42439333
42439341
42439827
42439841
42439950
42439978
42440182
42440214
42440215
42440233
42440366
42440406
42440423
42440442
42440517
42440526
42440565
42440682
42440769
42440871
42441064
42441244
42441284
42441287
42441361
42441381
42441415
42441492
42441514
42441521
42441546
42441552
42441610
42441633
42441703
42441712
42441807
42441841
42441847
42441914
42442016
42442095
42442142
42442157
42442168
42442173
42442220
42442228
42442233
42442236
42442284
42442294
42442325
42442333
42442342
42442360
42442361
42442364
42442371
42442414
42442455
42442668
42442741
42442800
42442802
42442927
42442942
42443005
42443137
42443154
42443332
42443439
42443504
42443543
42443579
42443631
42443692
42443708
42443716
42443808
42443885
42444089
42444115
42444181
42444340
42444376
42444394
42444426
42444441
42444456
42444578
42444695
42444716
42444783
42444809
42444830
42444868
42445003
42445068
42445076
42445278
42445315
42445352
42445459
42445482
42445487
42445584
42445682
42445728
42445730
42445742
42445815
42445897
42445919
42445928
42445929
42445949
42446028
42446109
42446127
42446134
42446229
42446242
42446467
42446473
42446572
42446617
42446648
42446694
42446850
42446983
42447048
42447088
42447323
42447336
42447342
42447532
42447609
42447647
42447741
42447782
42447826
42447861
42447889
42448079
42448107
42448150
42448191
42448266
42448276
42448382
42448387
42448505
42448518
42448597
42448691
42448859
42448883
42449012
42449055
42449112
42449203
42449355
42449414
42449441
42449461
42449688
42449967
42450080
42450086
42450315
42450430
42450441
42450460
42450500
42450642
42450649
42450661
42450665
42450695
42450716
42450866
42450904
42450923
42450972
42450982
42450987
42451013
42451028
42451046
42451092
42451104
42451193
42451212
42451231
42451249
42451302
42451390
42451396
42451494
42451506
42451659
42451675
42451697
42451777
42452011
42452016
42452028
42452427
42452534
42452543
42452581
42452721
42452815
42452866
42452883
42452911
42452999
42453038
42453159
42453189
42453331
42453819
42453827
42454797
42454846
42455154
42455175
42455185
42455340
42455517
42455948
42455974
42455988
42463377
42463391
42463416
42463486
42463530
42463531
42463599
42463788
42463833
42463900
42463902
42463916
42463924
42463946
42464055
42464093
42464140
42464169
42464223
42464329
42464347
42464501
42464503
42464658
42464675
42464692
42464711
42464776
42464834
42464855
42464916
42465120
42465155
42465312
42465352
42465369
42465407
42465534
42465635
42465791
42465885
42465959
42465996
42466053
42466216
42466260
42466308
42466417
42466503
42466559
42466589
42466796
42466803
42466849
42468270
42468279
42468321
42468662
42468738
42468811
42468857
42468864
42468985
42468990
42469015
42469054
42469085
42469138
42469239
42469252
42469285
42469444
42469499
42469567
42469617
42469625
42469632
42469645
42469715
42469844
42469890
42469903
42469906
42469922
42470020
42470037
42470165
42470223
42470278
42470311
42470370
42470448
42470511
42470530
42470547
42470616
42470617
42470656
42470741
42470841
42471045
42471091
42471099
42471103
42471162
42471166
42471171
42471248
42471254
42471293
42471351
42471386
42471444
42471476
42471504
42471532
42471549
42471587
42471597
42471621
42471792
42471809
42471820
42471862
42471874
42471950
42471962
42472006
42472026
42472050
42472097
42472159
42472281
42472303
42472316
42472350
42472386
42472403
42472418
42472420
42472659
42472664
42472794
42472842
42473055
42473078
42473173
42473349
42473444
42473501
42473558
42473653
42473694
42473738
42473752
42473793
42473799
42473803
42473815
42473861
42473882
42473919
42474061
42474102
42474108
42474142
42474221
42474251
42474293
42474311
42474319
42474323
42474325
42474352
42474376
42474392
42474403
42474410
42474437
42474487
42474496
42474569
42474577
42474581
42474582
42474590
42474606
42474745
42474746
42474756
42474781
42474874
42474879
42474932
42474972
42474985
42475010
42475084
42475132
42475145
42475358
42475369
42475389
42475446
42475506
42475529
42475586
42475622
42475652
42475734
42475854
42475860
42475897
42475960
42475970
42475989
42475993
42476004
42476014
42476058
42476065
42476083
42476130
42476148
42476158
42476231
42476245
42476246
42476315
42476320
42476333
42476338
42476392
42476601
42476605
42476615
42476684
42476691
42476708
42476762
42476782
42476785
42476841
42476845
42476891
42477069
42477088
42477161
42477198
42477271
42477362
42477420
42477533
42477690
42477734
42477762
42477772
42477824
42477935
42477959
42477986
42478035
42478204
42478267
42478306
42478420
42478470
42478519
42478560
42478674
42478738
42478753
42479022
42479051
42479078
42479150
42479200
42479285
42479332
42479360
42479420
42479453
42479511
42479537
42479564
42479587
42479628
42479636
42479707
42479711
42479786
42479947
42479982
42479996
42480143
42480156
42480161
42480316
42480333
42480354
42480357
42480374
42480381
42480461
42480499
42480566
42480583
42480593
42480622
42480637
42480657
42480713
42480765
42480803
42480837
42480931
42480996
42481001
42481009
42481017
42481031
42481148
42481166
42481169
42481242
42481381
42481422
42481489
42481540
42481572
42481587
42481663
42481670
42481674
42481723
42481744
42481833
42481941
42481953
42481954
42482007
42482064
42482095
42482096
42482135
42482228
42482307
42482312
42482321
42482325
42482346
42482384
42482400
42482459
42482476
42482527
42482531
42482637
42482661
42482699
42482836
42482950
42482971
42483004
42483011
42483025
42483083
42483094
42483135
42483150
42483341
42483355
42483383
42483390
42483451
42483460
42483466
42483499
42483504
42483575
42483602
42483616
42483619
42483626
42483652
42483777
42483781
42483798
42483976
42484172
42484185
42484206
42484383
42484448
42484632
42484648
42484693
42484745
42484791
42484796
42484884
42484986
42485077
42485086
42485087
42485114
42485205
42485248
42485310
42485322
42485346
42485382
42485437
42485455
42485666
42485847
42485860
42485882
42485959
42485997
42486030
42486081
42486275
42486368
42486394
42486572
42486610
42486656
42486727
42486808
42486865
42486978
42487037
42487051
42487093
42487233
42487319
42487333
42487350
42487425
42487538
42487571
42487574
42487604
42487638
42487683
42487768
42487787
42487798
42487872
42487905
42488005
42488020
42488114
42488115
42488144
42488157
42488327
42488408
42488439
42488463
42488473
42488540
42488624
42488625
42488683
42488694
42488747
42488752
42488753
42488804
42488826
42488830
42488967
42488993
42489004
42489034
42489151
42489189
42489210
42489439
42489499
42489501
42489547
42489567
42489794
42489882
42489918
42489969
42490160
42490211
42490269
42490289
42490339
42490397
42490420
42490437
42490439
42490503
42490548
42490584
42490594
42490661
42490729
42490865
42491162
42491352
42491387
42491388
42491444
42491460
42491462
42491489
42491501
42491621
42491782
42491924
42491977
42491997
42492022
42492096
42492127
42492201
42492219
42492301
42492319
42492332
42492524
42492695
42492697
42492707
42492708
42492779
42492788
42492873
42492889
42493018
42493023
42493096
42493402
42493472
42493654
42493818
42493844
42493899
42493961
42493998
42494057
42494167
42494197
42494291
42494317
42494320
42494425
42494471
42494511
42494540
42494878
42494919
42495084
42495273
42495394
42495425
42495441
42495443
42495675
42495825
42495838
42495847
42496052
42496070
42496104
42496143
42496148
42496223
42496310
42496316
42496320
42496388
42496397
42496400
42496511
42496659
42496669
42496739
42496826
42496849
42496854
42496960
42497133
42497308
42497310
42497311
42497354
42497404
42497550
42497570
42497571
42497602
42497620
42497632
42497660
42497719
42497771
42497784
42497884
42497910
42497971
42498002
42498104
42498216
42498218
42498227
42498229
42498262
42498336
42498362
42498426
42498482
42498512
42498903
42498909
42498969
42498973
42498975
42499007
42499062
42499418
42499422
42499423
42499424
42499425
42499441
42499448
42499460
42499617
42499651
42499718
42499892
42499958
42499961
42500002
42500023
42500064
42500153
42500250
42500260
42500338
42500341
42500456
42500586
42502077
42502161
42502182
42502186
42502192
42502196
42502197
42502207
42502208
42502221
42502222
42502226
42502252
42502256
42502257
42502266
42502267
42502280
42502318
42502321
42502383
42502518
42502624
42502629
42502656
42502661
42502664
42502670
42502674
42502677
42502850
42502860
42502897
42503042
42503151
42503158
42504401
42504496
42504497
42504503
42504533
42504536
42504539
42504542
42504544
42504573
42504599
42504637
42504648
42504678
42504682
42504766
42504768
42504778
42504862
42504863
42504866
42504868
42504871
42504874
42504950
42504964
42505035
42505036
42505037
42505038
42505042
42505048
42505049
42505050
42505064
42505072
42505093
42505136
42505148
42505153
42505159
42505183
42505185
42505361
42505411
42505415
42505416
42505446
42505454
42505484
42505663
42505802
42505813
42505821
42505822
42505886
42505914
42505972
42506643
42506647
42506660
42506750
42506757
42506766
42506769
42506770
42507167
42507181
42507182
42507183
42507186
42507188
42507189
42507193
42507194
42507199
42507200
42507375
42507403
42507465
42507475
42507491
42507494
42507495
42507499
42507698
42507870
42507882
42507893
42508288
42508351
42508488
42508493
42508498
42508502
42508513
42508519
42508637
42508755
42508941
42508990
42509015
42509017
42509021
42509086
42509538
42509548
42509585
42509761
42509832
42509845
42509888
42509915
42509930
42509931
42510439
42510452
42510671
42510854
42510871
42510894
42510900
42510904
42511159
42511163
42511168
42511181
42511217
42511226
42511402
42511410
42511922
42512181
42512286
42512293
42512410
42512434
42512446
42513031
42513138
42513144
42513172
42513260
42513330
42513521
42513598
42513699
42513702
42513703
42513744
42513753
42513781
42513996
42514041
42514054
42514075
42514222
42514226
42514228
42514234
42514240
42514245
42514250
42514261
42514328
42514403
42514473
42515284
42515304
42515688
42515699
42515831
42515835
42515838
42516035
42516049
42516092
42516191
42516199
42516495
42516558
42516594
42516644
42516798
42516827
42516914
42516936
42516959
42516986
42516987
42517024
42517028
42517219
42517313
42517365
42517498
42517792
42517793
42517794
42517803
42517825
42517844
42517930
42518194
42518243
42518272
42518292
42518295
42518304
42518310
42518314
42518853
42518861
42518865
42518867
42518962
42519185
42519501
42519561
42519563
42519567
42519571
42519597
42519631
42519666
42519794
42520029
42520039
42520206
42522104
42522116
42522153
42522216
42522217
42522220
42522241
42522418
42522421
42522446
42522490
42522523
42522600
42522629
42523000
42523003
42523007
42523008
42523011
42523220
42523498
42523602
42523635
42523769
42524080
42524180
42524659
42524718
42524725
42524852
42524906
42524907
42524928
42524934
42524935
42525057
42525259
42525436
42525437
42525455
42525588
42526028
42526043
42526172
42526212
42526224
42526226
42526228
42526230
42526236
42526237
42526780
42526805
42526892
42526910
42526968
42526983
42527014
42527163
42527224
42527380
42527382
42527419
42527423
42527444
42527446
42527447
42527452
42527469
42527471
42527472
42527621
42527743
42527859
42527904
42527907
42529167
42529174
42529193
42529275
42529284
42529358
42529388
42529404
42529415
42529416
42529658
42529779
42529800
42529801
42529813
42529824
42529835
42529842
42530286
42530332
42530421
42530504
42530506
42530507
42530510
42530511
42530520
42530542
42530638
42530661
42530726
42531074
42531239
42531247
42531253
42531273
42531274
42531275
42531564
42531636
42531637
42531644
42531663
42531705
42531734
42531863
42532141
42532336
42532341
42532342
42532353
42532498
42532887
42532957
42533033
42533170
42533306
42533379
42533381
42533385
42533389
42533390
42533392
42533394
42533406
42533408
42533409
42533410
42533519
42533520
42533602
42533893
42534019
42534025
42534032
42534043
42534044
42534046
42534049
42534050
42534051
42534052
42534054
42534055
42534310
42534315
42534325
42534327
42534330
42534335
42534341
42534407
42540490
42540496
42540899
42540929
42541129
42541132
42541136
42541139
42541277
42541513
42541614
42541843
42541888
42541974
42542026
42542029
42542031
42542038
42542041
42542051
42542061
42542063
42542133
42542149
42542168
42542297
42542321
42542455
42542464
42542520
42542526
42542530
42542914
42542923
42542974
42542978
42542992
42543083
42543322
42543444
42543446
42543545
42543559
42543580
42544040
42544050
42544110
42544113
42544115
42544118
42544121
42544122
42544125
42544135
42544242
42544308
42544602
42544616
42544780
42544819
42544884
42545190
42545449
42545458
42545520
42545522
42545523
42545526
42545650
42545701
42546575
42546586
42547172
42547289
42547293
42547327
42547406
42547417
42547418
42547424
42547427
42547447
42547469
42547536
42547539
42547595
42547638
42547656
42547685
42547689
42547742
42547786
42547787
42547899
42547910
42548018
42548077
42548095
42548101
42548102
42548133
42548366
42548371
42548374
42548553
42548713
42549478
42549863
42549877
42549884
42549959
42550042
42550049
42550050
42550053
42550122
42550125
42550128
42550318
42550326
42550327
42550333
42550338
42550341
42550342
42550370
42550414
42550415
42550425
42550427
42550428
42550429
42550448
42550560
42550561
42550563
42550564
42550567
42550584
42550589
42550663
42550699
42550703
42550704
42550708
42550728
42550952
42550987
42550992
42551003
42551062
42551084
42551090
42551104
42551132
42551355
42551378
42551506
42551511
42552304
42552539
42552541
42552543
42552547
42552552
42552558
42552560
42552957
42552962
42552963
42552966
42552995
42553287
42553291
42553382
42553662
42553666
42553670
42553673
42553680
42553686
42553992
42554033
42554241
42554290
42554297
42554316
42554450
42554646
42554654
42554804
42554811
42554828
42554834
42554837
42554838
42554839
42555057
42555643
42555647
42555648
42555650
42555654
42555656
42555659
42555742
42555800
42555882
42556401
42556412
42556415
42556422
42556431
42556586
42556613
42556629
42557079
42557191
42557203
42557206
42557208
42557221
42557439
42557918
42557979
42558110
42558146
42558895
42558906
42558912
42558916
42559012
42559074
42559114
42559116
42559122
42559124
42559125
42559130
42559131
42559242
42559252
42559264
42559272
42559421
42559656
42559681
42559707
42559739
42559747
42559749
42559754
42559757
42559762
42559771
42559923
42559927
42560022
42560046
42560125
42561607
42561625
42561791
42561797
42561808
42561812
42561826
42561844
42561882
42561893
42561894
42561943
42562159
42562174
42562225
42562254
42562330
42562434
42562528
42562535
42562632
42562800
42563025
42563027
42563031
42563032
42563033
42563036
42563042
42563125
42563270
42563329
42563723
42563724
42563772
42563978
42564030
42564034
42564036
42564053
42564091
42564141
42564351
42564506
42564528
42565246
42565257
42565269
42565272
42565434
42565437
42565448
42565460
42565534
42565552
42565553
42566338
42566374
42566376
42566405
42566441
42566517
42566521
42566547
42566555
42566601
42566624
42566628
42566644
42567160
42567168
42567207
42567210
42567258
42567347
42567441
42567442
42567688
42568389
42568473
42568816
42568820
42568843
42568853
42568859
42568871
42569079
42569104
42569162
42569222
42569242
42569250
42569303
42569314
42569532
42569554
42569577
42569579
42569620
42569628
42570167
42570305
42570313
42570619
42570624
42570650
42570672
42570688
42570692
42570850
42570864
42570869
42570878
42570883
42570888
42570909
42570929
42570935
42571202
42571669
42571685
42571742
42571822
42571828
42572107
42572109
42572115
42572156
42572214
42572237
42572257
42572260
42572284
42572427
42572439
42572661
42572691
42572882
42572925
42572930
42573079
42573107
42573111
42573113
42573158
42573235
42573637
42573679
42573783
42573806
42573817
42573819
42573821
42573893
42573898
42573904
42573910
42573956
42574116
42574130
42574514
42574518
42574520
42574538
42574541
42574549
42574554
42574574
42574625
42574627
42574638
42574649
42574656
42574685
42574776
42575309
42575340
42575735
42576093
42576094
42576103
42576154
42576381
42576383
42576394
42576412
42576442
42576459
42576477
42576505
42576511
42576531
42576663
42576723
42576811
42576872
42576889
42576891
42577230
42577267
42577311
42577318
42577337
42577341
42577712
42577717
42577977
42577991
42578003
42578019
42578116
42578474
42578539
42578583
42578591
42578652
42578684
42578838
42578890
42578918
42578969
42578976
42578981
42578986
42579055
42579081
42579193
42579268
42579441
42580034
42580046
42580054
42580215
42580224
42580235
42580236
42580341
42580346
42580360
42580383
42580409
42580411
42580428
42580547
42580561
42580579
42580668
42581569
42581591
42581592
42581594
42581596
42581710
42581743
42581749
42581886
42581944
42582368
42582369
42582390
42582392
42582394
42582406
42582421
42582427
42582433
42582446
42582449
42582450
42582456
42582457
42582459
42582461
42582481
42582502
42582532
42582719
42583288
42583825
42585488
42587736
42587745
42587895
42587897
42588319
42588453
42588719
42589152
42589287
42589305
42589364
42589469
42589542
42589555
42589734
42589754
42589757
42589770
42590029
42590199
42590221
42590264
42590273
42590327
42590360
42590367
42590372
42590373
42590398
42590517
42590556
42590590
42590610
42590612
42590638
42590658
42590662
42590728
42590737
42590767
42590794
42591000
42591013
42591016
42591028
42591075
42591116
42591120
42591417
42591430
42591463
42591465
42591480
42591490
42592792
42592826
42593081
42593086
42593183
42593228
42593387
42593484
42593489
42593536
42594046
42594143
42594242
42594384
42594411
42594609
42594615
42594623
42594654
42594658
42594659
42594685
42594958
42595736
42595762
42595859
42595874
42595882
42595969
42596259
42596292
42596300
42596333
42596352
42596409
42596538
42596604
42596630
42596650
42596671
42596695
42596737
42596739
42596755
42596758
42596760
42596764
42596776
42596783
42596813
42596814
42596853
42596865
42596882
42596888
42596900
42596904
42596912
42596929
42596996
42597048
42597051
42597076
42597084
42597095
42597167
42597296
42597877
42598895
42598978
42598990
42598991
42598994
42599003
42599004
42599015
42599373
42599380
42599381
42599383
42599389
42599421
42599551
42599689
42599740
42600052
42600168
42600170
42600185
42600215
42600217
42600223
42600254
42600269
42600273
42600336
42600344
42600371
42600376
42600432
42600443
42600507
42600622
42600680
42600713
42600715
42600733
42600752
42600790
42600852
42600965
42601137
42601153
42601156
42601397
42601495
42601574
42601583
42601604
42601698
42601715
42601990
42601997
42603441
42603442
42603449
42603458
42603459
42603460
42603470
42603472
42603474
42603477
42603479
42603481
42603541
42603556
42603659
42603680
42603727
42603744
42603751
42603772
42603799
42603847
42604151
42604158
42604167
42604171
42604237
42604254
42604276
42604277
42604298
42604306
42604829
42604838
42604865
42604871
42604980
42605096
42605196
42605216
42605231
42605237
42605239
42605244
42605293
42605343
42605444
42605811
42605812
42605835
42605842
42605866
42605874
42605876
42606324
42606327
42606379
42606399
42606516
42606608
42606610
42606943
42607030
42607098
42607338
42607361
42607473
42607570
42608188
42608336
42608340
42608342
42608394
42608397
42608400
42608885
42608900
42608902
42608964
42609017
42609021
42609063
42609095
42609132
42609149
42609169
42609172
42609239
42609279
42609390
42609404
42609699
42609744
42609748
42609802
42609805
42609818
42609840
42609884
42610955
42611384
42611402
42611414
42611423
42611427
42611437
42611438
42611487
42611666
42611696
42611733
42611750
42611756
42611786
42611809
42611830
42612138
42612200
42612221
42612314
42612444
42612448
42612457
42612463
42612465
42612700
42612739
42612788
42612808
42612827
42612878
42612891
42613032
42613118
42613136
42613157
42613158
42613176
42613211
42613275
42613379
42613495
42613753
42613765
42613767
42613791
42613910
42613988
42614054
42614058
42614150
42614192
42614328
42614349
42614351
42614380
42614388
42614499
42614752
42614830
42614961
42614963
42614964
42614972
42614974
42615003
42615804
42615806
42615845
42615884
42615886
42616021
42616178
42616521
42616551
42616598
42616672
42616726
42616727
42616728
42616732
42616737
42616738
42616749
42616756
42616796
42616854
42616918
42617017
42617269
42617306
42617350
42617359
42617361
42617384
42617388
42617397
42617399
42617404
42617414
42617463
42617534
42617633
42617795
42618103
42619063
42619071
42619128
42619141
42619193
42619304
42619308
42619325
42619775
42619805
42619849
42619855
42620438
42620494
42620495
42620541
42620629
42620634
42620638
42620671
42620687
42620726
42620820
42620876
42620967
42621236
42621253
42621262
42621265
42621292
42621328
42621348
42621440
42621606
42621608
42621689
42621706
42621755
42621769
42622034
42622050
42622121
42622275
42622290
42622297
42622303
42622320
42622341
42622463
42622739
42622750
42622843
42622875
42622903
42623002
42623006
42623018
42623032
42623059
42623076
42623101
42623807
42623823
42624001
42624087
42624093
42624109
42624110
42624159
42624625
42624668
42624729
42624733
42624791
42624818
42624819
42624912
42624946
42624972
42624974
42624978
42625002
42626418
42631083
42631130
42631481
42631492
42631494
42631508
42631690
42631771
42631772
42631910
42631950
42632538
42632740
42632817
42632932
42633016
42633020
42633036
42633039
42633077
42633266
42633298
42633367
42633380
42633409
42633471
42633523
42633535
42633576
42633580
42633929
42634081
42634166
42634193
42634203
42634244
42634297
42634442
42634622
42634666
42634803
42635255
42635334
42635373
42635424
42635429
42635515
42635541
42635543
42635567
42635653
42635660
42636089
42636126
42636158
42636171
42636240
42636273
42636296
42636325
42636511
42636948
42636987
42637057
42637067
42637098
42637106
42637163
42637203
42637297
42637358
42638268
42638645
42638646
42638773
42639011
42639016
42639023
42639029
42639031
42639090
42639092
42639104
42639191
42639250
42639251
42639529
42639714
42639731
42639736
42639772
42639865
42640006
42640682
42640696
42640770
42640808
42641608
42642374
42642401
42642542
42642571
42642599
42642605
42642643
42642668
42642677
42642920
42643041
42643096
42643146
42643253
42643268
42643271
42643404
42643408
42643410
42643420
42643435
42643450
42643455
42643457
42643459
42643519
42643532
42643604
42643634
42643796
42643797
42643801
42643878
42643912
42643927
42643937
42643941
42644089
42644090
42644113
42644147
42644322
42644493
42645201
42645202
42645361
42645388
42645391
42645393
42645397
42645398
42645571
42645574
42645782
42645783
42645784
42645793
42645803
42645876
42646017
42646036
42646041
42646044
42646077
42646157
42646493
42646512
42646513
42646566
42646579
42646583
42647188
42647419
42647428
42647487
42647571
42647582
42647598
42647600
42647601
42647609
42647648
42647938
42648001
42648345
42648348
42648535
42648595
42648682
42648996
42649111
42649170
42649312
42649323
42649347
42649350
42649371
42649378
42649379
42649383
42649385
42649389
42649390
42649609
42650012
42650038
42650042
42650279
42650343
42650360
42650361
42650369
42650521
42650532
42650873
42650900
42650905
42650908
42650937
42651009
42651012
42651022
42651028
42651031
42651051
42651080
42651124
42651130
42651159
42651164
42651176
42651187
42651614
42652827
42652868
42652918
42652920
42652924
42653240
42653261
42653274
42653296
42653503
42653670
42653725
42653728
42653739
42653746
42653752
42653770
42653773
42653782
42653795
42653797
42654170
42654321
42654834
42654843
42654959
42655004
42655071
42655262
42655334
42655392
42655470
42655564
42655569
42655573
42655698
42655699
42655775
42656033
42656058
42656126
42656130
42656131
42656134
42656278
42656315
42656381
42656382
42656424
42656450
42656462
42656569
42656570
42656605
42656612
42656627
42656711
42656731
42656851
42656875
42656883
42656920
42656943
42657010
42657136
42657155
42657354
42657423
42657478
42657499
42657554
42657625
42657626
42657654
42657661
42658145
42658247
42658434
42658440
42658452
42658466
42658539
42658665
42658669
42658670
42658672
42658679
42658956
42659016
42659019
42659064
42659135
42659168
42659251
42659358
42659481
42659500
42659541
42659989
42659994
42660085
42660161
42660504
42660553
42660570
42660573
42661134
42661318
42661319
42661340
42661345
42661349
42661575
42661809
42661852
42661863
42661884
42662033
42662212
42662346
42662358
42662374
42662395
42662429
42662446
42662508
42662564
42662629
42662646
42662675
42662691
42662793
42662853
42662942
42663126
42663204
42663271
42663272
42663277
42663283
42663312
42663339
42663350
42663513
42663628
42663699
42663899
42663943
42663968
42663996
42664012
42664051
42664363
42664411
42664416
42664514
42664533
42664589
42664597
42664602
42664607
42664629
42664639
42664886
42664924
42664948
42665078
42665109
42665147
42665236
42665246
42665310
42665314
42665322
42665325
42665343
42665347
42665350
42665473
42665877
42665925
42665937
42665965
42665977
42665987
42666074
42666203
42666412
42666591
42666644
42666668
42666671
42666698
42666703
42666782
42666789
42666834
42666855
42666952
42667948
42668317
42668331
42668341
42668344
42668402
42668531
42668533
42668560
42668561
42668580
42668844
42668924
42668993
42669311
42669488
42669615
42670025
42670265
42670681
42670690
42670704
42670781
42670815
42670848
42670992
42671188
42671199
42671305
42671568
42671916
42671918
42671953
42671962
42671986
42671990
42671991
42671994
42671999
42672191
42672501
42672570
42672574
42672673
42672674
42672694
42672698
42672701
42673117
42673140
42673143
42673151
42673169
42673213
42673215
42673254
42673264
42673265
42673457
42678985
42679311
42679321
42679594
42679613
42679618
42679634
42679652
42679653
42679756
42679922
42679942
42679945
42679956
42679975
42680426
42680513
42680530
42680537
42681212
42681254
42681267
42681311
42681432
42681562
42681645
42681698
42681738
42681808
42681811
42681854
42681997
42682019
42682024
42682043
42682103
42682466
42682524
42682566
42682628
42682630
42682644
42682646
42682710
42682793
42682802
42682803
42682872
42682945
42682986
42682991
42683050
42683082
42683121
42683122
42683124
42683127
42683167
42683203
42683206
42683253
42683266
42683403
42683667
42683701
42683720
42683857
42683884
42683888
42683889
42683979
42683981
42684079
42684199
42684410
42684472
42684667
42684674
42684716
42684881
42684911
42685036
42685143
42685157
42685255
42685783
42686181
42686222
42686527
42686528
42686592
42686839
42686970
42687315
42687331
42687380
42687406
42687422
42687556
42687563
42687619
42687622
42687628
42687631
42687640
42687695
42687728
42687805
42687848
42688022
42688286
42688387
42688411
42689357
42689446
42689523
42689540
42689541
42689546
42689547
42689569
42689570
42689638
42689639
42689656
42689659
42689662
42689676
42689677
42689703
42689705
42689710
42689717
42689723
42689760
42689810
42689834
42689835
42690015
42690091
42690108
42690303
42690335
42690336
42690366
42690390
42690460
42690548
42690551
42690560
42690564
42690650
42690843
42690855
42690958
42690993
42690996
42691007
42691148
42691152
42691426
42692106
42692107
42692161
42692163
42692164
42692165
42692166
42692185
42692186
42692189
42692209
42692590
42692594
42692611
42692618
42692643
42692718
42693037
42693215
42693239
42693241
42693298
42693326
42693423
42693776
42693842
42693964
42694054
42694299
42694325
42694461
42694509
42694604
42694626
42694629
42694813
42694941
42694973
42694974
42695103
42695167
42695214
42695276
42695326
42695343
42695385
42695397
42695570
42695635
42695677
42695731
42695807
42695834
42695861
42695922
42696165
42696185
42696353
42696423
42696424
42696699
42696971
42696990
42697061
42697133
42697196
42697239
42697852
42697858
42697871
42697930
42697935
42697951
42698038
42698039
42698040
42698041
42698043
42698061
42698129
42698132
42698150
42698157
42698305
42698593
42698595
42698599
42698628
42698664
42698803
42699285
42699773
42700318
42700433
42700448
42700456
42700554
42700624
42700661
42700664
42700673
42700990
42701312
42701345
42701380
42701383
42701391
42701770
42701791
42701814
42701819
42701824
42701857
42702033
42702045
42702140
42702202
42702266
42702356
42702366
42702424
42702513
42702591
42702726
42703105
42703219
42703241
42703242
42703301
42703338
42703383
42703742
42703903
42703910
42703912
42703928
42703932
42704197
42704301
42704304
42704329
42704579
42704689
42704718
42704722
42704723
42704740
42704747
42704753
42705246
42705308
42705340
42705371
42705409
42705442
42705497
42705499
42705503
42705567
42705736
42705948
42705979
42706073
42706104
42706119
42706120
42706188
42706245
42706309
42706502
42707189
42707219
42707605
42707609
42707637
42707785
42707788
42707811
42707836
42707871
42707872
42707904
42708290
42708388
42708423
42708424
42708455
42708492
42708493
42708531
42708563
42708588
42708602
42709019
42709032
42709047
42709067
42709150
42709153
42709174
42709180
42709183
42709184
42709238
42709310
42709374
42709502
42709635
42709669
42709727
42709862
42709995
42710064
42710158
42710300
42710318
42710327
42710347
42710435
42710506
42710530
42710683
42710749
42710799
42710833
42710834
42710872
42710874
42710882
42711067
42711333
42711401
42711481
42711483
42711564
42711607
42712018
42712047
42712074
42712099
42712232
42712287
42712288
42712290
42712796
42712816
42712829
42712876
42712912
42712918
42712920
42712996
42713039
42713045
42713100
42713160
42713864
42713996
42714387
42714408
42714414
42714416
42714430
42714450
42714462
42714566
42714671
42714793
42714795
42714797
42715331
42715348
42715350
42715354
42715396
42715727
42715793
42715806
42715810
42715930
42715952
42716016
42716103
42716133
42716316
42716346
42716450
42716565
42717095
42717167
42717226
42717274
42717279
42717310
42717311
42717315
42717695
42717787
42717807
42717813
42717825
42717855
42717923
42718382
42718397
42718481
42718872
42718918
42719010
42719069
42719093
42719132
42719202
42719213
42719315
42719630
42719668
42719690
42719694
42719695
42719742
42719781
42719867
42724270
42725337
42726232
42726600
42726714
42726889
42726932
42726934
42726975
42727008
42727150
42727273
42727315
42727317
42727327
42727341
42727346
42727348
42727503
42727742
42727813
42727898
42728058
42728077
42728151
42728209
42728278
42728279
42728538
42728551
42728571
42728842
42728873
42728884
42729029
42729116
42729217
42729262
42729590
42729617
42729665
42729985
42730047
42730219
42730243
42730264
42730265
42730358
42730419
42730455
42730719
42730812
42730838
42730955
42730971
42730985
42730989
42730992
42731033
42731123
42731184
42731217
42731516
42731520
42731531
42731585
42731813
42732019
42732028
42732029
42732218
42733182
42733260
42733262
42733344
42733383
42733564
42733566
42733591
42733600
42733604
42733739
42733749
42733772
42733911
42734107
42734294
42734324
42734393
42734396
42734398
42734415
42734478
42734486
42734499
42734506
42735014
42735590
42735947
42736063
42736435
42736491
42736512
42736767
42737058
42737059
42737060
42737232
42737290
42737428
42737444
42737446
42737487
42737488
42737719
42737720
42737748
42737824
42737904
42738002
42738150
42738204
42738294
42738335
42738339
42738371
42738388
42738390
42738391
42738967
42739333
42739335
42739344
42739378
42739390
42739391
42739412
42739415
42739431
42739665
42739713
42739728
42739779
42739837
42740376
42740457
42740527
42740617
42740716
42741005
42741073
42741121
42741159
42741193
42741238
42741332
42741369
42741468
42741619
42741653
42741802
42741880
42741950
42742006
42742040
42742088
42742515
42742522
42742602
42742610
42742648
42742691
42742707
42742888
42743121
42743129
42743132
42743906
42744133
42744136
42744351
42744918
42744972
42745023
42745040
42745062
42745105
42745195
42745557
42745599
42745631
42745735
42745804
42745817
42745849
42745881
42745973
42746031
42746113
42746121
42746920
42746921
42747350
42747351
42747458
42747459
42747472
42747718
42747798
42747812
42747854
42748284
42748310
42748316
42748317
42748327
42748346
42748363
42748419
42748424
42748440
42748503
42748598
42748603
42748612
42748626
42748706
42748819
42748832
42748835
42748923
42748925
42748985
42749001
42749028
42749097
42749142
42749171
42749395
42749422
42749444
42749606
42749608
42749634
42749635
42749714
42750062
42750274
42750316
42750341
42750388
42750412
42750439
42750493
42750858
42750906
42750950
42751050
42751501
42751702
42751703
42751732
42751747
42751759
42752239
42752247
42752281
42752306
42752313
42752367
42752372
42752386
42752417
42752435
42752494
42752655
42752656
42752956
42753079
42753101
42753153
42753162
42753198
42754135
42754156
42754241
42754588
42754595
42754612
42754635
42754640
42754759
42754873
42754974
42755038
42755213
42755234
42755240
42755291
42755510
42755546
42755823
42755838
42755934
42756054
42756115
42756425
42756435
42756449
42757128
42757203
42757339
42757390
42757408
42757476
42757527
42757531
42757587
42757792
42757800
42757846
42757847
42757881
42758468
42758576
42758615
42758637
42758653
42758654
42758668
42758692
42758742
42758752
42758831
42758936
42759367
42759554
42759576
42759578
42759589
42759590
42759604
42759815
42760161
42760188
42760195
42760228
42760258
42760262
42760298
42760358
42760392
42760400
42760632
42760720
42762030
42762053
42762062
42762067
42762157
42762236
42762248
42762256
42762282
42762323
42762328
42762638
42762759
42762820
42763337
42763393
42763480
42763540
42763558
42763599
42763642
42763644
42763694
42763866
42764040
42764083
42764166
42764240
42764380
42764393
42764720
42764783
42764801
42764837
42764983
42765024
42765076
42765110
42765123
42765126
42765147
42765200
42765291
42765403
42765427
42765580
42765703
42765772
42766137
42775257
42775265
42775295
42775312
42775325
42775510
42775513
42775514
42775521
42775522
42775531
42775724
42775727
42775938
42776050
42776156
42776191
42776206
42776219
42776243
42776729
42776757
42776759
42776773
42776809
42778689
42778700
42778733
42778734
42778745
42778751
42778762
42778767
42778830
42779018
42779025
42779059
42779064
42779104
42779105
42780659
42780685
42780691
42780782
42780811
42780812
42780815
42780820
42780822
42780834
42780836
42782832
42782857
42782860
42782861
42782895
42782923
42782948
42782965
42783055
42783243
42783409
42783410
42783414
42783419
42783425
42783448
42783504
42784239
42784453
42784473
42784498
42784524
42784532
42784719
42787401
42790406
42790438
42790494
42800784
42800848
42804666
42807336
42807353
42807361
42807428
42807435
42807470
42807772
42807840
42809746
42817678
42823456
42823472
42823727
42825961
42825973
42829350
42829359
42832256
42832462
42839859
42839946
42840031
42845104
42845107
42847365
42847648
42847649
42852662
42852735
42860738
42870375
42872878
42873327
42881274
42881278
42881280
42881343
42881381
42881470
42881490
42881500
42882566
42886583
42886669
42886676
42889282
42889302
42889315
42891442
42896771
42896837
42918578
42923163
42923857
42926148
42935583
42935617
42941327
42943200
42943321
42943742
42943743
42945793
42945795
42945849
42945866
42946167
42946169
42946184
42948150
42948337
42963109
42963123
42963126
42965691
42965849
43085765
43141186
43141187
43141281
43141431
43141493
43141496
43141564
43141688
43141801
43141829
43141872
43141953
43142004
43142055
43142258
43142307
43142366
43142515
43142519
43142682
43142695
43142705
43142714
43142808
43142861
43143107
43143126
43143273
43143463
43143535
43143821
43193839
43193902
43193944
43194119
43194143
43194155
43194224
43194240
43194335
43194531
43194606
43194966
43195047
43195049
43195305
43195486
43195648
43195708
43207561
43207580
43213321
43215025
43218797
43218818
43221317
43221375
43221385
43221452
43221610
43224007
43236265
43236275
43244769
43244811
43244817
43244818
43244860
43245001
43247775
43248431
43248485
43248493
43248494